2
9
15
17
18
20
25
27
39
42
45
50
77
155
156
160
173
174
180
188
194
196
208
246
298
303
306
522
524
530
540
684
686
687
710
730
731
735
771
779
785
799
861
863
892
906
947
995
996
1013
1015
1030
1031
1033
1368
1380
1513
1514
1538
1568
1569
1572
1582
1583
1584
1585
1586
1588
1590
1696
1702
1800
1874
1927
1945
1946
1947
1948
2164
2166
2167
2168
2204
2216
2330
2331
2332
2333
2334
2335
2360
2363
2365
2366
2367
2368
2381
2382
2383
2384
2389
2456
2464
2580
2583
2584
2589
2596
2644
2645
2709
2711
2712
2718
2723
2724
2734
2818
2819
2820
2823
2892
2917
2926
2927
2928
2929
2946
2966
2969
3046
3049
3051
3053
3074
3075
3147
3174
3175
3176
3180
3184
3185
3187
3200
3214
3266
3267
3268
3276
3277
3278
3279
3280
3282
3287
3424
3425
3426
3499
3538
3548
3550
3575
3758
3797
3803
3811
3812
3820
3879
3893
3894
3896
3898
3900
3901
3904
3980
3987
3988
3989
4027
4169
4170
4171
4216
4235
4304
4309
4398
4509
4512
